1.893385852936927934e-03
6.441859794514519363e-04
3.284157348138376314e-04
1.951025946966736908e-04
1.290644624318434378e-04
8.751506671118973208e-05
6.602496723644435677e-05
4.805755816050805151e-05
3.574193135882990465e-05
2.724684071092104524e-05
2.081521543678482587e-05
1.659136337582908845e-05
1.328433439387784605e-05
1.042001834624291765e-05
8.646373923208253514e-06
6.749446901119162189e-06
5.579574561223223947e-06
4.415507338572135659e-06
3.639943233793019453e-06
2.969349584179183014e-06
2.599468014243309438e-06
2.246809312314975692e-06
1.755680841597495601e-06
1.558182664045555731e-06
1.223579248029896584e-06
1.207896640027746679e-06
9.236741344347652030e-07
7.538485867959988381e-07
6.741481115568603855e-07
5.391828153733513530e-07
5.886404721877624556e-07
4.836858529882028993e-07
4.396092000054825930e-07
3.942115656459295314e-07
3.841530407217284236e-07
3.959074679945236439e-07
3.588272868960808064e-07
2.038785851254942827e-07
2.569402397512021707e-07
1.754752472576198007e-07
2.881744001848757324e-07
3.150179895783367143e-07
1.766549827589427154e-07
1.358504485656689833e-07
2.202025533344047923e-07
9.544704226982503315e-08
1.878824749762937088e-07
1.420508183969104615e-07
1.381239070399025377e-07
1.290242573265024123e-07
