1.672706524418159004e-03
5.987990986217151890e-04
3.032392838080837116e-04
1.825058994158594323e-04
1.206142207427712376e-04
8.315042544960637354e-05
6.041217056917957962e-05
4.423680597524666774e-05
3.339517901291731776e-05
2.557061518680050230e-05
1.960505009761122602e-05
1.576425934631102172e-05
1.243173532698578578e-05
1.041833820636384189e-05
7.830766952048923805e-06
6.343867508720987484e-06
4.990322974084516957e-06
4.145943545485021516e-06
3.492235960452076517e-06
2.869377939615250557e-06
2.452663383420175865e-06
2.077196272280575238e-06
1.853918103155262060e-06
1.311977856940674588e-06
1.083623704868262876e-06
9.601818130084376374e-07
7.631137619186616464e-07
6.943913035684090573e-07
6.181617984359697458e-07
5.598917544540943393e-07
4.102050984949363042e-07
3.653300976483561657e-07
3.823263754880331093e-07
3.370637051086139977e-07
2.885538802646889211e-07
2.475947669919068018e-07
5.520753812892177365e-07
2.055140516755603613e-07
2.219417700127285784e-07
1.510017323301905407e-07
3.914434500984498300e-07
2.714505869376311879e-07
2.579271112650035051e-07
1.264145875655809932e-07
1.575884092310595726e-07
1.070831149005161130e-07
1.018505451291027572e-07
9.253311684563993149e-08
9.150325685037717667e-08
2.433614554320229217e-07
