1.269167655851782817e+00
1.179661539622715472e+00
1.126828617063061921e+00
1.092962394589963138e+00
1.068157083847943500e+00
1.051086610013788336e+00
1.039333987236022994e+00
1.029332460297478491e+00
1.022355107160714871e+00
1.017338106126496333e+00
1.013691363511262100e+00
1.010894559678577220e+00
1.008525101343790586e+00
1.006012691391839020e+00
1.004418651262919182e+00
1.003368804621141974e+00
1.002628922462463379e+00
1.002076571987521314e+00
1.001665725708007715e+00
1.001342980485213419e+00
1.001081695923438541e+00
1.000872986657278974e+00
1.000743508338928223e+00
1.000582415883134013e+00
1.000475249971662262e+00
1.000379114315427476e+00
1.000314593315124512e+00
1.000238628948435959e+00
1.000187440352006352e+00
1.000157761573791548e+00
1.000132531589931872e+00
1.000110922715602868e+00
1.000088810920715332e+00
1.000081958594145615e+00
1.000063674790518720e+00
1.000067869822184319e+00
1.000069101651509529e+00
1.000057697296142578e+00
1.000012609847756417e+00
9.999617612039720660e-01
1.000003920447441796e+00
9.999708223342895774e-01
9.998476913100794450e-01
9.975083470344543457e-01
9.718481983457293305e-01
7.715064287185668945e-01
6.166965932380862325e-01
4.542910733393260569e-01
4.377184150547817065e-01
4.329163036916566787e-01
